
      1.10000000e+00      2.20000000e+00      3.40000000e+00      4.70000000e+00
      5.00000000e+00      6.00000000e+00      7.00000000e+00      8.12000000e+00
      1.10000000e+01      1.21000000e+01      1.45000000e+01      9.99900000e+01
      1.61600000e+01      1.70170000e+02      8.18100000e+01      9.99999000e+02
      1.13113000e+02      1.73173000e+02      3.23200000e+01      9.98997000e+02
      1.72172000e+02      9.97996000e+02      5.95900000e+01      2.72700000e+01
      9.96994000e+02      9.95993000e+02      9.94992000e+02      9.93990000e+02
      7.07000000e+01      9.69600000e+01      2.92900000e+01      6.55346553e+04
      7.47400000e+01      7.27200000e+01      1.00010000e+03      9.92100000e+02
